10 REM >MakeMap
20 MODE7
30 HIMEM=&6000
40 map%=&6000
50 READnumlevels%
60 FORL%=1TOnumlevels%
70 READnumgens%,numplats%
80 map%?1=(numgens%-1)+(numplats%-1)*8
90 P%=2
100 FORN%=1TOnumgens%
110 READ xpos,ypos,type,number
120 map%!P%=xpos+ypos*32+type*1024+number*2^13
130 P%=P%+2
140 NEXT
150 :
160 FORN%=1TOnumplats%
170 READxpos,ypos,id,sprite,length
180 map%!P%=xpos+ypos*32+id*1024+sprite*4096+length*65536
190 P%=P%+3
200 NEXT
210 ?map%=P%
220 map%=map%+P%
230 NEXT
240 OSCLI"Save Maps 6000 "+STR$~map%
250 END
260 :
270 DATA 6:REM Number of levs
280 :
290 REM Level One
300 DATA 2,8
310 DATA 21,6,0,6, 3,15,0,6
320 :
330 DATA 22,0,2,3,8, 3,4,2,3,8, 2,8,2,3,8, 7,12,2,3,8, 12,16,2,3,8, 17,20,2,3,8
340 DATA 19,7,1,10,5, 2,16,1,10,5
350 :
360 REM Level Two
370 DATA 4,12
380 DATA 1,6,0,7, 11,6,0,7, 21,16,0,4, 15,16,0,4
390 :
400 DATA 1,11,1,1,13, 21,12,1,1,4, 14,12,1,1,3, 3,4,1,1,2, 9,4,1,1,2, 4,1,1,1,6, 5,21,1,1,4, 6,18,1,1,2
410 DATA 20,17,1,10,4, 14,17,1,10,4
420 DATA 17,9,2,7,4, 0,7,2,3,13
430 :
440 REM Level Three
450 DATA 4,16
460 DATA 1,22,4,2, 22,22,4,2, 13,13,0,7, 6,9,0,4
470 :
480 DATA 12,2,1,12,5, 15,5,1,12,5, 18,8,1,12,5
490 DATA 4,6,1,6,5, 3,10,1,1,8, 11,14,1,1,6, 8,17,1,1,5, 11,20,1,1,5
500 DATA 10,23,1,1,4, 21,23,1,1,7
510 DATA 15,11,1,11,4, 0,0,0,1,24
520 DATA 3,6,0,1,2, 9,6,0,1,2
530 DATA 3,8,0,13,2, 9,8,0,13,2
540 :
550 REM Level Four
560 DATA 4,12
570 DATA 18,13,1,2, 14,10,1,2, 18,5,0,7, 6,12,0,7
580 :
590 DATA 4,7,1,1,6, 16,14,1,1,6
600 DATA 1,10,1,1,4, 9,10,1,1,4, 13,11,1,1,4, 21,11,1,1,4, 13,17,1,1,4, 21,17,1,1,4, 1,18,1,1,4, 9,18,1,1,4
610 DATA 5,13,1,12,4, 17,6,1,12,4
620 :
630 REM Level Five
640 DATA 3,6
650 DATA 7,2,2,4, 12,11,1,4, 13,17,0,4
660 :
670 DATA 15,6,2,3,11, 5,12,2,3,14, 20,15,2,7,8, 5,3,1,1,6, 11,18,1,11,6, 17,21,1,11,5
680 :
690 REM Level Six
700 DATA 4,12
710 DATA 3,18,2,4, 12,11,2,4, 10,19,0,7, 19,4,1,4
720 :
730 DATA 6,3,1,1,4, 9,12,2,7,8, 6,6,1,10,4, 16,5,2,7,8, 2,15,1,10,4, 6,4,0,13,2, 8,20,1,10,6, 9,4,0,13,2, 2,16,0,1,3, 1,0,0,2,24, 5,16,0,1,3, 2,19,1,13,4
